2000
2003
2006
2009
2012
2015
2018
2021
2024
2027
2030
2033
2036
2039
2042
2045
2048
2051
2054
2057
2060
2063
2066
2069
2072
2075
2078
2081
2084
2087
2090
2093
2096
2099
2102
2105
2108
2111
2114
2117
2120
2123
2126
2129
2132
2135
2138
2141
2144
2147
2150
2153
2156
2159
2162
2165
2168
2171
2174
2177
2180
2183
2186
2189
2192
2195
2198
2201
2204
2207
2210
2213
2216
2219
2222
2225
2228
2231
2234
2237
2240
2243
2246
2249
2252
2255
2258
2261
2264
2267
2270
2273
2276
2279
2282
2285
2288
2291
2294
2297
2300
2303
2306
2309
2312
2315
2318
2321
2324
2327
2330
2333
2336
2339
2342
2345
2348
2351
2354
2357
2360
2363
2366
2369
2372
2375
2378
2381
2384
2387
2390
2393
2396
2399
2402
2405
2408
2411
2414
2417
2420
2423
2426
2429
2432
2435
2438
2441
2444
2447
2450
2453
2456
2459
2462
2465
2468
2471
2474
2477
2480
2483
2486
2489
2492
2495
2498
2501
2504
2507
2510
2513
2516
2519
2522
2525
2528
2531
2534
2537
2540
2543
2546
2549
2552
2555
2558
2561
2564
2567
2570
2573
2576
2579
2582
2585
2588
2591
2594
2597
2600
2603
2606
2609
2612
2615
2618
2621
2624
2627
2630
2633
2636
2639
2642
2645
2648
2651
2654
2657
2660
2663
2666
2669
2672
2675
2678
2681
2684
2687
2690
2693
2696
2699
2702
2705
2708
2711
2714
2717
2720
2723
2726
2729
2732
2735
2738
2741
2744
2747
2750
2753
2756
2759
2762
2765
2768
2771
2774
2777
2780
2783
2786
2789
2792
2795
2798
2801
2804
2807
2810
2813
2816
2819
2822
2825
2828
2831
2834
2837
2840
2843
2846
2849
2852
2855
2858
2861
2864
2867
2870
2873
2876
2879
2882
2885
2888
2891
2894
2897
2900
2903
2906
2909
2912
2915
2918
2921
2924
2927
2930
2933
2936
2939
2942
2945
2948
2951
2954
2957
2960
2963
2966
2969
2972
2975
2978
2981
2984
2987
2990
2993
2996
2999
3002
3005
3008
3011
3014
3017
3020
3023
3026
3029
3032
3035
3038
3041
3044
3047
3050
3053
3056
3059
3062
3065
3068
3071
3074
3077
3080
3083
3086
3089
3092
3095
3098
3101
3104
3107
3110
3113
3116
3119
3122
3125
3128
3131
3134
3137
3140
3143
3146
3149
3152
3155
3158
3161
3164
3167
3170
3173
3176
3179
3182
3185
3188
3191
3194
3197
3200
3203
3206
3209
3212
3215
3218
3221
3224
3227
3230
3233
3236
3239
3242
3245
3248
3251
3254
3257
3260
3263
3266
3269
3272
3275
3278
3281
3284
3287
3290
3293
3296
3299
3302
3305
3308
3311
3314
3317
3320
3323
3326
3329
3332
3335
3338
3341
3344
3347
3350
3353
3356
3359
3362
3365
3368
3371
3374
3377
3380
3383
3386
3389
3392
3395
3398
3401
3404
3407
3410
3413
3416
3419
3422
3425
3428
3431
3434
3437
3440
3443
3446
3449
3452
3455
3458
3461
3464
3467
3470
3473
3476
3479
3482
3485
3488
3491
3494
3497
3500
3503
3506
3509
3512
3515
3518
3521
3524
3527
3530
3533
3536
3539
3542
3545
3548
3551
3554
3557
3560
3563
3566
3569
3572
3575
3578
3581
3584
3587
3590
3593
3596
3599
3602
3605
3608
3611
3614
3617
3620
3623
3626
3629
3632
3635
3638
3641
3644
3647
3650
3653
3656
3659
3662
3665
3668
3671
3674
3677
3680
3683
3686
3689
3692
3695
3698
3701
3704
3707
3710
3713
3716
3719
3722
3725
3728
3731
3734
3737
3740
3743
3746
3749
3752
3755
3758
3761
3764
3767
3770
3773
3776
3779
3782
3785
3788
3791
3794
3797
3800
3803
3806
3809
3812
3815
3818
3821
3824
3827
3830
3833
3836
3839
3842
3845
3848
3851
3854
3857
3860
3863
3866
3869
3872
3875
3878
3881
3884
3887
3890
3893
3896
3899
3902
3905
3908
3911
3914
3917
3920
3923
3926
3929
3932
3935
3938
3941
3944
3947
3950
3953
3956
3959
3962
3965
3968
3971
3974
3977
3980
3983
3986
3989
3992
3995
3998
4001
4004
4007
4010
4013
4016
4019
4022
4025
4028
4031
4034
4037
4040
4043
4046
4049
4052
4055
4058
4061
4064
4067
4070
4073
4076
4079
4082
4085
4088
4091
4094
4097
4100
4103
4106
4109
4112
4115
4118
4121
4124
4127
4130
4133
4136
4139
4142
4145
4148
4151
4154
4157
4160
4163
4166
4169
4172
4175
4178
4181
4184
4187
4190
4193
4196
4199
4202
4205
4208
4211
4214
4217
4220
4223
4226
4229
4232
4235
4238
4241
4244
4247
4250
4253
4256
4259
4262
4265
4268
4271
4274
4277
4280
4283
4286
4289
4292
4295
4298
4301
4304
4307
4310
4313
4316
4319
4322
4325
4328
4331
4334
4337
4340
4343
4346
4349
4352
4355
4358
4361
4364
4367
4370
4373
4376
4379
4382
4385
4388
4391
4394
4397
4400
4403
4406
4409
4412
4415
4418
4421
4424
4427
4430
4433
4436
4439
4442
4445
4448
4451
4454
4457
4460
4463
4466
4469
4472
4475
4478
4481
4484
4487
4490
4493
4496
4499
4502
4505
4508
4511
4514
4517
4520
4523
4526
4529
4532
4535
4538
4541
4544
4547
4550
4553
4556
4559
4562
4565
4568
4571
4574
4577
4580
4583
4586
4589
4592
4595
4598
4601
4604
4607
4610
4613
4616
4619
4622
4625
4628
4631
4634
4637
4640
4643
4646
4649
4652
4655
4658
4661
4664
4667
4670
4673
4676
4679
4682
4685
4688
4691
4694
4697
4700
4703
4706
4709
4712
4715
4718
4721
4724
4727
4730
4733
4736
4739
4742
4745
4748
4751
4754
4757
4760
4763
4766
4769
4772
4775
4778
4781
4784
4787
4790
4793
4796
4799
4802
4805
4808
4811
4814
4817
4820
4823
4826
4829
4832
4835
4838
4841
4844
4847
4850
4853
4856
4859
4862
4865
4868
4871
4874
4877
4880
4883
4886
4889
4892
4895
4898
4901
4904
4907
4910
4913
4916
4919
4922
4925
4928
4931
4934
4937
4940
4943
4946
4949
4952
4955
4958
4961
4964
4967
4970
4973
4976
4979
4982
4985
4988
4991
4994
4997
5000
5003
5006
5009
5012
5015
5018
5021
5024
5027
5030
5033
5036
5039
5042
5045
5048
5051
5054
5057
5060
5063
5066
5069
5072
5075
5078
5081
5084
5087
5090
5093
5096
5099
5102
5105
5108
5111
5114
5117
5120
5123
5126
5129
5132
5135
5138
5141
5144
5147
5150
5153
5156
5159
5162
5165
5168
5171
5174
5177
5180
5183
5186
5189
5192
5195
5198
5201
5204
5207
5210
5213
5216
5219
5222
5225
5228
5231
5234
5237
5240
5243
5246
5249
5252
5255
5258
5261
5264
5267
5270
5273
5276
5279
5282
5285
5288
5291
5294
5297
5300
5303
5306
5309
5312
5315
5318
5321
5324
5327
5330
5333
5336
5339
5342
5345
5348
5351
5354
5357
5360
5363
5366
5369
5372
5375
5378
5381
5384
5387
5390
5393
5396
5399
5402
5405
5408
5411
5414
5417
5420
5423
5426
5429
5432
5435
5438
5441
5444
5447
5450
5453
5456
5459
5462
5465
5468
5471
5474
5477
5480
5483
5486
5489
5492
5495
5498
5501
5504
5507
5510
5513
5516
5519
5522
5525
5528
5531
5534
5537
5540
5543
5546
5549
5552
5555
5558
5561
5564
5567
5570
5573
5576
5579
5582
5585
5588
5591
5594
5597
5600
5603
5606
5609
5612
5615
5618
5621
5624
5627
5630
5633
5636
5639
5642
5645
5648
5651
5654
5657
5660
5663
5666
5669
5672
5675
5678
5681
5684
5687
5690
5693
5696
5699
5702
5705
5708
5711
5714
5717
5720
5723
5726
5729
5732
5735
5738
5741
5744
5747
5750
5753
5756
5759
5762
5765
5768
5771
5774
5777
5780
5783
5786
5789
5792
5795
5798
5801
5804
5807
5810
5813
5816
5819
5822
5825
5828
5831
5834
5837
5840
5843
5846
5849
5852
5855
5858
5861
5864
5867
5870
5873
5876
5879
5882
5885
5888
5891
5894
5897
5900
5903
5906
5909
5912
5915
5918
5921
5924
5927
5930
5933
5936
5939
5942
5945
5948
5951
5954
5957
5960
5963
5966
5969
5972
5975
5978
5981
5984
5987
5990
5993
5996
5999
6002
6005
6008
6011
6014
6017
6020
6023
6026
6029
6032
6035
6038
6041
6044
6047
6050
6053
6056
6059
6062
6065
6068
6071
6074
6077
6080
6083
6086
6089
6092
6095
6098
6101
6104
6107
6110
6113
6116
6119
6122
6125
6128
6131
6134
6137
6140
6143
6146
6149
6152
6155
6158
6161
6164
6167
6170
6173
6176
6179
6182
6185
6188
6191
6194
6197
6200
6203
6206
6209
6212
6215
6218
6221
6224
6227
6230
6233
6236
6239
6242
6245
6248
6251
6254
6257
6260
6263
6266
6269
6272
6275
6278
6281
6284
6287
6290
6293
6296
6299
6302
6305
6308
6311
6314
6317
6320
6323
6326
6329
6332
6335
6338
6341
6344
6347
6350
6353
6356
6359
6362
6365
6368
6371
6374
6377
6380
6383
6386
6389
6392
6395
6398
6401
6404
6407
6410
6413
6416
6419
6422
6425
6428
6431
6434
6437
6440
6443
6446
6449
6452
6455
6458
6461
6464
6467
6470
6473
6476
6479
6482
6485
6488
6491
6494
6497
6500
6503
6506
6509
6512
6515
6518
6521
6524
6527
6530
6533
6536
6539
6542
6545
6548
6551
6554
6557
6560
6563
6566
6569
6572
6575
6578
6581
6584
6587
6590
6593
6596
6599
6602
6605
6608
6611
6614
6617
6620
6623
6626
6629
6632
6635
6638
6641
6644
6647
6650
6653
6656
6659
6662
6665
6668
6671
6674
6677
6680
6683
6686
6689
6692
6695
6698
6701
6704
6707
6710
6713
6716
6719
6722
6725
6728
6731
6734
6737
6740
6743
6746
6749
6752
6755
6758
6761
6764
6767
6770
6773
6776
6779
6782
6785
6788
6791
6794
6797
6800
6803
6806
6809
6812
6815
6818
6821
6824
6827
6830
6833
6836
6839
6842
6845
6848
6851
6854
6857
6860
6863
6866
6869
6872
6875
6878
6881
6884
6887
6890
6893
6896
6899
6902
6905
6908
6911
6914
6917
6920
6923
6926
6929
6932
6935
6938
6941
6944
6947
6950
6953
6956
6959
6962
6965
6968
6971
6974
6977
6980
6983
6986
6989
6992
6995
6998
7001
7004
7007
7010
7013
7016
7019
7022
7025
7028
7031
7034
7037
7040
7043
7046
7049
7052
7055
7058
7061
7064
7067
7070
7073
7076
7079
7082
7085
7088
7091
7094
7097
7100
7103
7106
7109
7112
7115
7118
7121
7124
7127
7130
7133
7136
7139
7142
7145
7148
7151
7154
7157
7160
7163
7166
7169
7172
7175
7178
7181
7184
7187
7190
7193
7196
7199
7202
7205
7208
7211
7214
7217
7220
7223
7226
7229
7232
7235
7238
7241
7244
7247
7250
7253
7256
7259
7262
7265
7268
7271
7274
7277
7280
7283
7286
7289
7292
7295
7298
7301
7304
7307
7310
7313
7316
7319
7322
7325
7328
7331
7334
7337
7340
7343
7346
7349
7352
7355
7358
7361
7364
7367
7370
7373
7376
7379
7382
7385
7388
7391
7394
7397
7400
7403
7406
7409
7412
7415
7418
7421
7424
7427
7430
7433
7436
7439
7442
7445
7448
7451
7454
7457
7460
7463
7466
7469
7472
7475
7478
7481
7484
7487
7490
7493
7496
7499
7502
7505
7508
7511
7514
7517
7520
7523
7526
7529
7532
7535
7538
7541
7544
7547
7550
7553
7556
7559
7562
7565
7568
7571
7574
7577
7580
7583
7586
7589
7592
7595
7598
7601
7604
7607
7610
7613
7616
7619
7622
7625
7628
7631
7634
7637
7640
7643
7646
7649
7652
7655
7658
7661
7664
7667
7670
7673
7676
7679
7682
7685
7688
7691
7694
7697
7700
7703
7706
7709
7712
7715
7718
7721
7724
7727
7730
7733
7736
7739
7742
7745
7748
7751
7754
7757
7760
7763
7766
7769
7772
7775
7778
7781
7784
7787
7790
7793
7796
7799
7802
7805
7808
7811
7814
7817
7820
7823
7826
7829
7832
7835
7838
7841
7844
7847
7850
7853
7856
7859
7862
7865
7868
7871
7874
7877
7880
7883
7886
7889
7892
7895
7898
7901
7904
7907
7910
7913
7916
7919
7922
7925
7928
7931
7934
7937
7940
7943
7946
7949
7952
7955
7958
7961
7964
7967
7970
7973
7976
7979
7982
7985
7988
7991
7994
7997
8000
8003
8006
8009
8012
8015
8018
8021
8024
8027
8030
8033
8036
8039
8042
8045
8048
8051
8054
8057
8060
8063
8066
8069
8072
8075
8078
8081
8084
8087
8090
8093
8096
8099
8102
8105
8108
8111
8114
8117
8120
8123
8126
8129
8132
8135
8138
8141
8144
8147
8150
8153
8156
8159
8162
8165
8168
8171
8174
8177
8180
8183
8186
8189
8192
8195
8198
8201
8204
8207
8210
8213
8216
8219
8222
8225
8228
8231
8234
8237
8240
8243
8246
8249
8252
8255
8258
8261
8264
8267
8270
8273
8276
8279
8282
8285
8288
8291
8294
8297
8300
8303
8306
8309
8312
8315
8318
8321
8324
8327
8330
8333
8336
8339
8342
8345
8348
8351
8354
8357
8360
8363
8366
8369
8372
8375
8378
8381
8384
8387
8390
8393
8396
8399
8402
8405
8408
8411
8414
8417
8420
8423
8426
8429
8432
8435
8438
8441
8444
8447
8450
8453
8456
8459
8462
8465
8468
8471
8474
8477
8480
8483
8486
8489
8492
8495
8498
8501
8504
8507
8510
8513
8516
8519
8522
8525
8528
8531
8534
8537
8540
8543
8546
8549
8552
8555
8558
8561
8564
8567
8570
8573
8576
8579
8582
8585
8588
8591
8594
8597
8600
8603
8606
8609
8612
8615
8618
8621
8624
8627
8630
8633
8636
8639
8642
8645
8648
8651
8654
8657
8660
8663
8666
8669
8672
8675
8678
8681
8684
8687
8690
8693
8696
8699
8702
8705
8708
8711
8714
8717
8720
8723
8726
8729
8732
8735
8738
8741
8744
8747
8750
8753
8756
8759
8762
8765
8768
8771
8774
8777
8780
8783
8786
8789
8792
8795
8798
8801
8804
8807
8810
8813
8816
8819
8822
8825
8828
8831
8834
8837
8840
8843
8846
8849
8852
8855
8858
8861
8864
8867
8870
8873
8876
8879
8882
8885
8888
8891
8894
8897
8900
8903
8906
8909
8912
8915
8918
8921
8924
8927
8930
8933
8936
8939
8942
8945
8948
8951
8954
8957
8960
8963
8966
8969
8972
8975
8978
8981
8984
8987
8990
8993
8996
8999
9002
9005
9008
9011
9014
9017
9020
9023
9026
9029
9032
9035
9038
9041
9044
9047
9050
9053
9056
9059
9062
9065
9068
9071
9074
9077
9080
9083
9086
9089
9092
9095
9098
9101
9104
9107
9110
9113
9116
9119
9122
9125
9128
9131
9134
9137
9140
9143
9146
9149
9152
9155
9158
9161
9164
9167
9170
9173
9176
9179
9182
9185
9188
9191
9194
9197
9200
9203
9206
9209
9212
9215
9218
9221
9224
9227
9230
9233
9236
9239
9242
9245
9248
9251
9254
9257
9260
9263
9266
9269
9272
9275
9278
9281
9284
9287
9290
9293
9296
9299
9302
9305
9308
9311
9314
9317
9320
9323
9326
9329
9332
9335
9338
9341
9344
9347
9350
9353
9356
9359
9362
9365
9368
9371
9374
9377
9380
9383
9386
9389
9392
9395
9398
9401
9404
9407
9410
9413
9416
9419
9422
9425
9428
9431
9434
9437
9440
9443
9446
9449
9452
9455
9458
9461
9464
9467
9470
9473
9476
9479
9482
9485
9488
9491
9494
9497
9500
9503
9506
9509
9512
9515
9518
9521
9524
9527
9530
9533
9536
9539
9542
9545
9548
9551
9554
9557
9560
9563
9566
9569
9572
9575
9578
9581
9584
9587
9590
9593
9596
9599
9602
9605
9608
9611
9614
9617
9620
9623
9626
9629
9632
9635
9638
9641
9644
9647
9650
9653
9656
9659
9662
9665
9668
9671
9674
9677
9680
9683
9686
9689
9692
9695
9698
9701
9704
9707
9710
9713
9716
9719
9722
9725
9728
9731
9734
9737
9740
9743
9746
9749
9752
9755
9758
9761
9764
9767
9770
9773
9776
9779
9782
9785
9788
9791
9794
9797
9800
9803
9806
9809
9812
9815
9818
9821
9824
9827
9830
9833
9836
9839
9842
9845
9848
9851
9854
9857
9860
9863
9866
9869
9872
9875
9878
9881
9884
9887
9890
9893
9896
9899
9902
9905
9908
9911
9914
9917
9920
9923
9926
9929
9932
9935
9938
9941
9944
9947
9950
9953
9956
9959
9962
9965
9968
9971
9974
9977
9980
9983
9986
9989
9992
9995
9998
10001
10004
10007
10010
10013
10016
10019
10022
10025
10028
10031
10034
10037
10040
10043
10046
10049
10052
10055
10058
10061
10064
10067
10070
10073
10076
10079
10082
10085
10088
10091
10094
10097
10100
10103
10106
10109
10112
10115
10118
10121
10124
10127
10130
10133
10136
10139
10142
10145
10148
10151
10154
10157
10160
10163
10166
10169
10172
10175
10178
10181
10184
10187
10190
10193
10196
10199
10202
10205
10208
10211
10214
10217
10220
10223
10226
10229
10232
10235
10238
10241
10244
10247
10250
10253
10256
10259
10262
10265
10268
10271
10274
10277
10280
10283
10286
10289
10292
10295
10298
10301
10304
10307
10310
10313
10316
10319
10322
10325
10328
10331
10334
10337
10340
10343
10346
10349
10352
10355
10358
10361
10364
10367
10370
10373
10376
10379
10382
10385
10388
10391
10394
10397
10400
10403
10406
10409
10412
10415
10418
10421
10424
10427
10430
10433
10436
10439
10442
10445
10448
10451
10454
10457
10460
10463
10466
10469
10472
10475
10478
10481
10484
10487
10490
10493
10496
10499
10502
10505
10508
10511
10514
10517
10520
10523
10526
10529
10532
10535
10538
10541
10544
10547
10550
10553
10556
10559
10562
10565
10568
10571
10574
10577
10580
10583
10586
10589
10592
10595
10598
10601
10604
10607
10610
10613
10616
10619
10622
10625
10628
10631
10634
10637
10640
10643
10646
10649
10652
10655
10658
10661
10664
10667
10670
10673
10676
10679
10682
10685
10688
10691
10694
10697
10700
10703
10706
10709
10712
10715
10718
10721
10724
10727
10730
10733
10736
10739
10742
10745
10748
10751
10754
10757
10760
10763
10766
10769
10772
10775
10778
10781
10784
10787
10790
10793
10796
10799
10802
10805
10808
10811
10814
10817
10820
10823
10826
10829
10832
10835
10838
10841
10844
10847
10850
10853
10856
10859
10862
10865
10868
10871
10874
10877
10880
10883
10886
10889
10892
10895
10898
10901
10904
10907
10910
10913
10916
10919
10922
10925
10928
10931
10934
10937
10940
10943
10946
10949
10952
10955
10958
10961
10964
10967
10970
10973
10976
10979
10982
10985
10988
10991
10994
10997
11000
11003
11006
11009
11012
11015
11018
11021
11024
11027
11030
11033
11036
11039
11042
11045
11048
11051
11054
11057
11060
11063
11066
11069
11072
11075
11078
11081
11084
11087
11090
11093
11096
11099
11102
11105
11108
11111
11114
11117
11120
11123
11126
11129
11132
11135
11138
11141
11144
11147
11150
11153
11156
11159
11162
11165
11168
11171
11174
11177
11180
11183
11186
11189
11192
11195
11198
11201
11204
11207
11210
11213
11216
11219
11222
11225
11228
11231
11234
11237
11240
11243
11246
11249
11252
11255
11258
11261
11264
11267
11270
11273
11276
11279
11282
11285
11288
11291
11294
11297
11300
11303
11306
11309
11312
11315
11318
11321
11324
11327
11330
11333
11336
11339
11342
11345
11348
11351
11354
11357
11360
11363
11366
11369
11372
11375
11378
11381
11384
11387
11390
11393
11396
11399
11402
11405
11408
11411
11414
11417
11420
11423
11426
11429
11432
11435
11438
11441
11444
11447
11450
11453
11456
11459
11462
11465
11468
11471
11474
11477
11480
11483
11486
11489
11492
11495
11498
11501
11504
11507
11510
11513
11516
11519
11522
11525
11528
11531
11534
11537
11540
11543
11546
11549
11552
11555
11558
11561
11564
11567
11570
11573
11576
11579
11582
11585
11588
11591
11594
11597
11600
11603
11606
11609
11612
11615
11618
11621
11624
11627
11630
11633
11636
11639
11642
11645
11648
11651
11654
11657
11660
11663
11666
11669
11672
11675
11678
11681
11684
11687
11690
11693
11696
11699
11702
11705
11708
11711
11714
11717
11720
11723
11726
11729
11732
11735
11738
11741
11744
11747
11750
11753
11756
11759
11762
11765
11768
11771
11774
11777
11780
11783
11786
11789
11792
11795
11798
11801
11804
11807
11810
11813
11816
11819
11822
11825
11828
11831
11834
11837
11840
11843
11846
11849
11852
11855
11858
11861
11864
11867
11870
11873
11876
11879
11882
11885
11888
11891
11894
11897
11900
11903
11906
11909
11912
11915
11918
11921
11924
11927
11930
11933
11936
11939
11942
11945
11948
11951
11954
11957
11960
11963
11966
11969
11972
11975
11978
11981
11984
11987
11990
11993
11996
11999
12002
12005
12008
12011
12014
12017
12020
12023
12026
12029
12032
12035
12038
12041
12044
12047
12050
12053
12056
12059
12062
12065
12068
12071
12074
12077
12080
12083
12086
12089
12092
12095
12098
12101
12104
12107
12110
12113
12116
12119
12122
12125
12128
12131
12134
12137
12140
12143
12146
12149
12152
12155
12158
12161
12164
12167
12170
12173
12176
12179
12182
12185
12188
12191
12194
12197
12200
12203
12206
12209
12212
12215
12218
12221
12224
12227
12230
12233
12236
12239
12242
12245
12248
12251
12254
12257
12260
12263
12266
12269
12272
12275
12278
12281
12284
12287
12290
12293
12296
12299
12302
12305
12308
12311
12314
12317
12320
12323
12326
12329
12332
12335
12338
12341
12344
12347
12350
12353
12356
12359
12362
12365
12368
12371
12374
12377
12380
12383
12386
12389
12392
12395
12398
12401
12404
12407
12410
12413
12416
12419
12422
12425
12428
12431
12434
12437
12440
12443
12446
12449
12452
12455
12458
12461
12464
12467
12470
12473
12476
12479
12482
12485
12488
12491
12494
12497
12500
12503
12506
12509
12512
12515
12518
12521
12524
12527
12530
12533
12536
12539
12542
12545
12548
12551
12554
12557
12560
12563
12566
12569
12572
12575
12578
12581
12584
12587
12590
12593
12596
12599
12602
12605
12608
12611
12614
12617
12620
12623
12626
12629
12632
12635
12638
12641
12644
12647
12650
12653
12656
12659
12662
12665
12668
12671
12674
12677
12680
12683
12686
12689
12692
12695
12698
12701
12704
12707
12710
12713
12716
12719
12722
12725
12728
12731
12734
12737
12740
12743
12746
12749
12752
12755
12758
12761
12764
12767
12770
12773
12776
12779
12782
12785
12788
12791
12794
12797
12800
12803
12806
12809
12812
12815
12818
12821
12824
12827
12830
12833
12836
12839
12842
12845
12848
12851
12854
12857
12860
12863
12866
12869
12872
12875
12878
12881
12884
12887
12890
12893
12896
12899
12902
12905
12908
12911
12914
12917
12920
12923
12926
12929
12932
12935
12938
12941
12944
12947
12950
12953
12956
12959
12962
12965
12968
12971
12974
12977
12980
12983
12986
12989
12992
12995
12998
13001
13004
13007
13010
13013
13016
13019
13022
13025
13028
13031
13034
13037
13040
13043
13046
13049
13052
13055
13058
13061
13064
13067
13070
13073
13076
13079
13082
13085
13088
13091
13094
13097
13100
13103
13106
13109
13112
13115
13118
13121
13124
13127
13130
13133
13136
13139
13142
13145
13148
13151
13154
13157
13160
13163
13166
13169
13172
13175
13178
13181
13184
13187
13190
13193
13196
13199
13202
13205
13208
13211
13214
13217
13220
13223
13226
13229
13232
13235
13238
13241
13244
13247
13250
13253
13256
13259
13262
13265
13268
13271
13274
13277
13280
13283
13286
13289
13292
13295
13298
13301
13304
13307
13310
13313
13316
13319
13322
13325
13328
13331
13334
13337
13340
13343
13346
13349
13352
13355
13358
13361
13364
13367
13370
13373
13376
13379
13382
13385
13388
13391
13394
13397
13400
13403
13406
13409
13412
13415
13418
13421
13424
13427
13430
13433
13436
13439
13442
13445
13448
13451
13454
13457
13460
13463
13466
13469
13472
13475
13478
13481
13484
13487
13490
13493
13496
13499
13502
13505
13508
13511
13514
13517
13520
13523
13526
13529
13532
13535
13538
13541
13544
13547
13550
13553
13556
13559
13562
13565
13568
13571
13574
13577
13580
13583
13586
13589
13592
13595
13598
13601
13604
13607
13610
13613
13616
13619
13622
13625
13628
13631
13634
13637
13640
13643
13646
13649
13652
13655
13658
13661
13664
13667
13670
13673
13676
13679
13682
13685
13688
13691
13694
13697
13700
13703
13706
13709
13712
13715
13718
13721
13724
13727
13730
13733
13736
13739
13742
13745
13748
13751
13754
13757
13760
13763
13766
13769
13772
13775
13778
13781
13784
13787
13790
13793
13796
13799
13802
13805
13808
13811
13814
13817
13820
13823
13826
13829
13832
13835
13838
13841
13844
13847
13850
13853
13856
13859
13862
13865
13868
13871
13874
13877
13880
13883
13886
13889
13892
13895
13898
13901
13904
13907
13910
13913
13916
13919
13922
13925
13928
13931
13934
13937
13940
13943
13946
13949
13952
13955
13958
13961
13964
13967
13970
13973
13976
13979
13982
13985
13988
13991
13994
13997
14000
14003
14006
14009
14012
14015
14018
14021
14024
14027
14030
14033
14036
14039
14042
14045
14048
14051
14054
14057
14060
14063
14066
14069
14072
14075
14078
14081
14084
14087
14090
14093
14096
14099
14102
14105
14108
14111
14114
14117
14120
14123
14126
14129
14132
14135
14138
14141
14144
14147
14150
14153
14156
14159
14162
14165
14168
14171
14174
14177
14180
14183
14186
14189
14192
14195
14198
14201
14204
14207
14210
14213
14216
14219
14222
14225
14228
14231
14234
14237
14240
14243
14246
14249
14252
14255
14258
14261
14264
14267
14270
14273
14276
14279
14282
14285
14288
14291
14294
14297
14300
14303
14306
14309
14312
14315
14318
14321
14324
14327
14330
14333
14336
14339
14342
14345
14348
14351
14354
14357
14360
14363
14366
14369
14372
14375
14378
14381
14384
14387
14390
14393
14396
14399
14402
14405
14408
14411
14414
14417
14420
14423
14426
14429
14432
14435
14438
14441
14444
14447
14450
14453
14456
14459
14462
14465
14468
14471
14474
14477
14480
14483
14486
14489
14492
14495
14498
14501
14504
14507
14510
14513
14516
14519
14522
14525
14528
14531
14534
14537
14540
14543
14546
14549
14552
14555
14558
14561
14564
14567
14570
14573
14576
14579
14582
14585
14588
14591
14594
14597
14600
14603
14606
14609
14612
14615
14618
14621
14624
14627
14630
14633
14636
14639
14642
14645
14648
14651
14654
14657
14660
14663
14666
14669
14672
14675
14678
14681
14684
14687
14690
14693
14696
14699
14702
14705
14708
14711
14714
14717
14720
14723
14726
14729
14732
14735
14738
14741
14744
14747
14750
14753
14756
14759
14762
14765
14768
14771
14774
14777
14780
14783
14786
14789
14792
14795
14798
14801
14804
14807
14810
14813
14816
14819
14822
14825
14828
14831
14834
14837
14840
14843
14846
14849
14852
14855
14858
14861
14864
14867
14870
14873
14876
14879
14882
14885
14888
14891
14894
14897
14900
14903
14906
14909
14912
14915
14918
14921
14924
14927
14930
14933
14936
14939
14942
14945
14948
14951
14954
14957
14960
14963
14966
14969
14972
14975
14978
14981
14984
14987
14990
14993
14996
14999
15002
15005
15008
15011
15014
15017
15020
15023
15026
15029
15032
15035
15038
15041
15044
15047
15050
15053
15056
15059
15062
15065
15068
15071
15074
15077
15080
15083
15086
15089
15092
15095
15098
15101
15104
15107
15110
15113
15116
15119
15122
15125
15128
15131
15134
15137
15140
15143
15146
15149
15152
15155
15158
15161
15164
15167
15170
15173
15176
15179
15182
15185
15188
15191
15194
15197
15200
15203
15206
15209
15212
15215
15218
15221
15224
15227
15230
15233
15236
15239
15242
15245
15248
15251
15254
15257
15260
15263
15266
15269
15272
15275
15278
15281
15284
15287
15290
15293
15296
15299
15302
15305
15308
15311
15314
15317
15320
15323
15326
15329
15332
15335
15338
15341
15344
15347
15350
15353
15356
15359
15362
15365
15368
15371
15374
15377
15380
15383
15386
15389
15392
15395
15398
15401
15404
15407
15410
15413
15416
15419
15422
15425
15428
15431
15434
15437
15440
15443
15446
15449
15452
15455
15458
15461
15464
15467
15470
15473
15476
15479
15482
15485
15488
15491
15494
15497
15500
15503
15506
15509
15512
15515
15518
15521
15524
15527
15530
15533
15536
15539
15542
15545
15548
15551
15554
15557
15560
15563
15566
15569
15572
15575
15578
15581
15584
15587
15590
15593
15596
15599
15602
15605
15608
15611
15614
15617
15620
15623
15626
15629
15632
15635
15638
15641
15644
15647
15650
15653
15656
15659
15662
15665
15668
15671
15674
15677
15680
15683
15686
15689
15692
15695
15698
15701
15704
15707
15710
15713
15716
15719
15722
15725
15728
15731
15734
15737
15740
15743
15746
15749
15752
15755
15758
15761
15764
15767
15770
15773
15776
15779
15782
15785
15788
15791
15794
15797
15800
15803
15806
15809
15812
15815
15818
15821
15824
15827
15830
15833
15836
15839
15842
15845
15848
15851
15854
15857
15860
15863
15866
15869
15872
15875
15878
15881
15884
15887
15890
15893
15896
15899
15902
15905
15908
15911
15914
15917
15920
15923
15926
15929
15932
15935
15938
15941
15944
15947
15950
15953
15956
15959
15962
15965
15968
15971
15974
15977
15980
15983
15986
15989
15992
15995
15998
16001
16004
16007
16010
16013
16016
16019
16022
16025
16028
16031
16034
16037
16040
16043
16046
16049
16052
16055
16058
16061
16064
16067
16070
16073
16076
16079
16082
16085
16088
16091
16094
16097
16100
16103
16106
16109
16112
16115
16118
16121
16124
16127
16130
16133
16136
16139
16142
16145
16148
16151
16154
16157
16160
16163
16166
16169
16172
16175
16178
16181
16184
16187
16190
16193
16196
16199
16202
16205
16208
16211
16214
16217
16220
16223
16226
16229
16232
16235
16238
16241
16244
16247
16250
16253
16256
16259
16262
16265
16268
16271
16274
16277
16280
16283
16286
16289
16292
16295
16298
16301
16304
16307
16310
16313
16316
16319
16322
16325
16328
16331
16334
16337
16340
16343
16346
16349
16352
16355
16358
16361
16364
16367
16370
16373
16376
16379
16382
16385
16388
16391
16394
16397
16400
16403
16406
16409
16412
16415
16418
16421
16424
16427
16430
16433
16436
16439
16442
16445
16448
16451
16454
16457
16460
16463
16466
16469
16472
16475
16478
16481
16484
16487
16490
16493
16496
16499
16502
16505
16508
16511
16514
16517
16520
16523
16526
16529
16532
16535
16538
16541
16544
16547
16550
16553
16556
16559
16562
16565
16568
16571
16574
16577
16580
16583
16586
16589
16592
16595
16598
16601
16604
16607
16610
16613
16616
16619
16622
16625
16628
16631
16634
16637
16640
16643
16646
16649
16652
16655
16658
16661
16664
16667
16670
16673
16676
16679
16682
16685
16688
16691
16694
16697
16700
16703
16706
16709
16712
16715
16718
16721
16724
16727
16730
16733
16736
16739
16742
16745
16748
16751
16754
16757
16760
16763
16766
16769
16772
16775
16778
16781
16784
16787
16790
16793
16796
16799
16802
16805
16808
16811
16814
16817
16820
16823
16826
16829
16832
16835
16838
16841
16844
16847
16850
16853
16856
16859
16862
16865
16868
16871
16874
16877
16880
16883
16886
16889
16892
16895
16898
16901
16904
16907
16910
16913
16916
16919
16922
16925
16928
16931
16934
16937
16940
16943
16946
16949
16952
16955
16958
16961
16964
16967
16970
16973
16976
16979
16982
16985
16988
16991
16994
16997
17000
17003
17006
17009
17012
17015
17018
17021
17024
17027
17030
17033
17036
17039
17042
17045
17048
17051
17054
17057
17060
17063
17066
17069
17072
17075
17078
17081
17084
17087
17090
17093
17096
17099
17102
17105
17108
17111
17114
17117
17120
17123
17126
17129
17132
17135
17138
17141
17144
17147
17150
17153
17156
17159
17162
17165
17168
17171
17174
17177
17180
17183
17186
17189
17192
17195
17198
17201
17204
17207
17210
17213
17216
17219
17222
17225
17228
17231
17234
17237
17240
17243
17246
17249
17252
17255
17258
17261
17264
17267
17270
17273
17276
17279
17282
17285
17288
17291
17294
17297
17300
17303
17306
17309
17312
17315
17318
17321
17324
17327
17330
17333
17336
17339
17342
17345
17348
17351
17354
17357
17360
17363
17366
17369
17372
17375
17378
17381
17384
17387
17390
17393
17396
17399
17402
17405
17408
17411
17414
17417
17420
17423
17426
17429
17432
17435
17438
17441
17444
17447
17450
17453
17456
17459
17462
17465
17468
17471
17474
17477
17480
17483
17486
17489
17492
17495
17498
17501
17504
17507
17510
17513
17516
17519
17522
17525
17528
17531
17534
17537
17540
17543
17546
17549
17552
17555
17558
17561
17564
17567
17570
17573
17576
17579
17582
17585
17588
17591
17594
17597
17600
17603
17606
17609
17612
17615
17618
17621
17624
17627
17630
17633
17636
17639
17642
17645
17648
17651
17654
17657
17660
17663
17666
17669
17672
17675
17678
17681
17684
17687
17690
17693
17696
17699
17702
17705
17708
17711
17714
17717
17720
17723
17726
17729
17732
17735
17738
17741
17744
17747
17750
17753
17756
17759
17762
17765
17768
17771
17774
17777
17780
17783
17786
17789
17792
17795
17798
17801
17804
17807
17810
17813
17816
17819
17822
17825
17828
17831
17834
17837
17840
17843
17846
17849
17852
17855
17858
17861
17864
17867
17870
17873
17876
17879
17882
17885
17888
17891
17894
17897
17900
17903
17906
17909
17912
17915
17918
17921
17924
17927
17930
17933
17936
17939
17942
17945
17948
17951
17954
17957
17960
17963
17966
17969
17972
17975
17978
17981
17984
17987
17990
17993
17996
17999
18002
18005
18008
18011
18014
18017
18020
18023
18026
18029
18032
18035
18038
18041
18044
18047
18050
18053
18056
18059
18062
18065
18068
18071
18074
18077
18080
18083
18086
18089
18092
18095
18098
18101
18104
18107
18110
18113
18116
18119
18122
18125
18128
18131
18134
18137
18140
18143
18146
18149
18152
18155
18158
18161
18164
18167
18170
18173
18176
18179
18182
18185
18188
18191
18194
18197
18200
18203
18206
18209
18212
18215
18218
18221
18224
18227
18230
18233
18236
18239
18242
18245
18248
18251
18254
18257
18260
18263
18266
18269
18272
18275
18278
18281
18284
18287
18290
18293
18296
18299
18302
18305
18308
18311
18314
18317
18320
18323
18326
18329
18332
18335
18338
18341
18344
18347
18350
18353
18356
18359
18362
18365
18368
18371
18374
18377
18380
18383
18386
18389
18392
18395
18398
18401
18404
18407
18410
18413
18416
18419
18422
18425
18428
18431
18434
18437
18440
18443
18446
18449
18452
18455
18458
18461
18464
18467
18470
18473
18476
18479
18482
18485
18488
18491
18494
18497
18500
18503
18506
18509
18512
18515
18518
18521
18524
18527
18530
18533
18536
18539
18542
18545
18548
18551
18554
18557
18560
18563
18566
18569
18572
18575
18578
18581
18584
18587
18590
18593
18596
18599
18602
18605
18608
18611
18614
18617
18620
18623
18626
18629
18632
18635
18638
18641
18644
18647
18650
18653
18656
18659
18662
18665
18668
18671
18674
18677
18680
18683
18686
18689
18692
18695
18698
18701
18704
18707
18710
18713
18716
18719
18722
18725
18728
18731
18734
18737
18740
18743
18746
18749
18752
18755
18758
18761
18764
18767
18770
18773
18776
18779
18782
18785
18788
18791
18794
18797
18800
18803
18806
18809
18812
18815
18818
18821
18824
18827
18830
18833
18836
18839
18842
18845
18848
18851
18854
18857
18860
18863
18866
18869
18872
18875
18878
18881
18884
18887
18890
18893
18896
18899
18902
18905
18908
18911
18914
18917
18920
18923
18926
18929
18932
18935
18938
18941
18944
18947
18950
18953
18956
18959
18962
18965
18968
18971
18974
18977
18980
18983
18986
18989
18992
18995
18998
19001
19004
19007
19010
19013
19016
19019
19022
19025
19028
19031
19034
19037
19040
19043
19046
19049
19052
19055
19058
19061
19064
19067
19070
19073
19076
19079
19082
19085
19088
19091
19094
19097
19100
19103
19106
19109
19112
19115
19118
19121
19124
19127
19130
19133
19136
19139
19142
19145
19148
19151
19154
19157
19160
19163
19166
19169
19172
19175
19178
19181
19184
19187
19190
19193
19196
19199
19202
19205
19208
19211
19214
19217
19220
19223
19226
19229
19232
19235
19238
19241
19244
19247
19250
19253
19256
19259
19262
19265
19268
19271
19274
19277
19280
19283
19286
19289
19292
19295
19298
19301
19304
19307
19310
19313
19316
19319
19322
19325
19328
19331
19334
19337
19340
19343
19346
19349
19352
19355
19358
19361
19364
19367
19370
19373
19376
19379
19382
19385
19388
19391
19394
19397
19400
19403
19406
19409
19412
19415
19418
19421
19424
19427
19430
19433
19436
19439
19442
19445
19448
19451
19454
19457
19460
19463
19466
19469
19472
19475
19478
19481
19484
19487
19490
19493
19496
19499
19502
19505
19508
19511
19514
19517
19520
19523
19526
19529
19532
19535
19538
19541
19544
19547
19550
19553
19556
19559
19562
19565
19568
19571
19574
19577
19580
19583
19586
19589
19592
19595
19598
19601
19604
19607
19610
19613
19616
19619
19622
19625
19628
19631
19634
19637
19640
19643
19646
19649
19652
19655
19658
19661
19664
19667
19670
19673
19676
19679
19682
19685
19688
19691
19694
19697
19700
19703
19706
19709
19712
19715
19718
19721
19724
19727
19730
19733
19736
19739
19742
19745
19748
19751
19754
19757
19760
19763
19766
19769
19772
19775
19778
19781
19784
19787
19790
19793
19796
19799
19802
19805
19808
19811
19814
19817
19820
19823
19826
19829
19832
19835
19838
19841
19844
19847
19850
19853
19856
19859
19862
19865
19868
19871
19874
19877
19880
19883
19886
19889
19892
19895
19898
19901
19904
19907
19910
19913
19916
19919
19922
19925
19928
19931
19934
19937
19940
19943
19946
19949
19952
19955
19958
19961
19964
19967
19970
19973
19976
19979
19982
19985
19988
19991
19994
19997
Ampicillin
